Human
-0.05000116676092148 0.1552271991968155 1.9682835340499878 313 205
-0.05453707277774811 0.2159745693206787 2.025182008743286 311 191
-0.05058965086936951 0.5758851170539856 2.0359761714935303 311 101
-0.05198308452963829 0.7393702268600464 1.9975553750991821 312 56
0.11713047325611115 0.4579564332962036 2.035709857940674 354 130
0.2970532774925232 0.4002367854118347 1.947861909866333 404 140
0.26964113116264343 0.60701984167099 1.8986612558364868 398 81
0.26545074582099915 0.653583824634552 1.9011350870132446 397 69
-0.22538185119628906 0.4667852222919464 2.006221294403076 266 127
-0.4097232222557068 0.45188960433006287 1.9084930419921875 215 124
-0.3702394366264343 0.644509494304657 1.868368148803711 223 68
-0.3384647071361542 0.7366423010826111 1.8826467990875244 233 45
0.026224566623568535 0.07797755300998688 1.9649512767791748 332 225
0.06827431172132492 -0.3446848392486572 1.9957263469696045 344 334
0.07806173712015152 -0.699127197265625 2.006197690963745 345 425
0.08602575212717056 -0.7594627737998962 1.9735832214355469 348 443
-0.12610098719596863 0.07969309389591217 1.9420523643493652 292 225
-0.18717703223228455 -0.3354906439781189 1.9758504629135132 277 332
-0.21076640486717224 -0.6905816197395325 1.9943323135375977 272 423
-0.2551363706588745 -0.763774573802948 1.9774348735809326 260 444
