Human
-0.04092855378985405 0.15213465690612793 1.972266674041748 315 206
-0.04755024239420891 0.21327628195285797 2.028461456298828 312 191
-0.040133487433195114 0.5767130255699158 2.046994686126709 314 102
-0.03738318011164665 0.7440565824508667 2.0111539363861084 315 56
0.11473824828863144 0.4642677307128906 2.051767349243164 353 129
0.1588851660490036 0.2051531970500946 2.0397591590881348 365 194
0.19975639879703522 -0.006989197805523872 1.960119366645813 378 248
0.21291954815387726 -0.09089377522468567 1.9318795204162598 382 269
-0.20985274016857147 0.4645578861236572 2.0055551528930664 272 127
-0.39151519536972046 0.43640661239624023 1.8744150400161743 218 126
-0.33191055059432983 0.6395756006240845 1.843401551246643 233 68
-0.3053361177444458 0.7388864159584045 1.8588192462921143 241 41
0.031679004430770874 0.07796235382556915 1.9726319313049316 334 225
0.07180831581354141 -0.3538658320903778 1.995922565460205 344 337
0.07716076821088791 -0.7018935680389404 2.005262851715088 346 425
0.08878140151500702 -0.7608516216278076 1.9690638780593872 349 444
-0.11340498924255371 0.08012980967760086 1.941900610923767 296 225
-0.1838693618774414 -0.33750197291374207 1.9739820957183838 278 333
-0.21108604967594147 -0.691582441329956 1.993672490119934 272 424
-0.2548493444919586 -0.7637680768966675 1.9765249490737915 260 444
