Human
-0.05219966545701027 0.1479417085647583 1.9696972370147705 312 208
-0.054598599672317505 0.20961733162403107 2.0275979042053223 311 192
-0.050017569214105606 0.5774914026260376 2.0453784465789795 312 101
-0.04715227335691452 0.7450923323631287 2.0132296085357666 312 56
0.11913488805294037 0.45241913199424744 2.0357582569122314 354 132
0.30094239115715027 0.3929765820503235 1.9330376386642456 405 141
0.25729072093963623 0.593637228012085 1.9079058170318604 395 86
0.24855481088161469 0.6697419285774231 1.9140084981918335 392 66
-0.20971761643886566 0.4609130620956421 2.018214225769043 271 129
-0.2725772261619568 0.20766277611255646 1.9974573850631714 256 192
-0.3011760711669922 0.00959873292595148 1.9372938871383667 246 244
-0.30059537291526794 -0.07703563570976257 1.9202234745025635 245 266
0.021211380138993263 0.07356498390436172 1.9620511531829834 332 226
0.06827057152986526 -0.3429003953933716 1.994149923324585 344 334
0.07815447449684143 -0.6979759335517883 2.0058305263519287 346 424
0.08595423400402069 -0.7595205307006836 1.9730981588363647 348 443
-0.1263635903596878 0.07679735869169235 1.947622299194336 292 226
-0.18624980747699738 -0.34462541341781616 1.977111577987671 278 335
-0.20900705456733704 -0.6900690793991089 1.9934521913528442 273 423
-0.25482434034347534 -0.7625241875648499 1.9753843545913696 260 444
