Human
-0.04995700344443321 0.15288814902305603 1.9585506916046143 313 206
-0.05457000806927681 0.2160932719707489 2.0118160247802734 311 190
-0.055118147283792496 0.5804232954978943 2.0202858448028564 310 98
-0.049960777163505554 0.7373659610748291 1.9777356386184692 312 55
0.10242557525634766 0.4685611426830292 2.024099111557007 350 127
0.2059483379125595 0.23140598833560944 2.0218281745910645 377 187
0.21493951976299286 0.010560712777078152 1.9384299516677856 383 242
0.21610552072525024 -0.07306189835071564 1.9031224250793457 384 265
-0.2165759801864624 0.46656152606010437 1.9960269927978516 270 126
-0.2839576005935669 0.21691255271434784 1.9800535440444946 252 190
-0.28955674171447754 -0.0014552425127476454 1.9162331819534302 248 246
-0.2800595760345459 -0.08455021679401398 1.9003102779388428 250 269
0.022898349910974503 0.08184335380792618 1.9539406299591064 332 225
0.07061880826950073 -0.3405631482601166 1.9873729944229126 344 333
0.07756318151950836 -0.6993135213851929 2.002587080001831 346 425
0.08689712733030319 -0.7597954273223877 1.9704986810684204 349 444
-0.1213221475481987 0.08136434853076935 1.9380624294281006 294 225
-0.18621553480625153 -0.3390065133571625 1.97038996219635 278 334
-0.21037663519382477 -0.688534140586853 1.9911611080169678 272 423
-0.25376835465431213 -0.7629608511924744 1.974509358406067 260 444
